1fileName: eli51.tsp_evaluate(10000)_popSize(100)_seed(1)_Final.tour
Seed: 1
Fitness: 812.89
31 36 11 44 17 6 7 48 38 16 45 10 50 29 46 32 12 37 47 27 3 28 43 24 23 8 1 22 2 5 49 9 30 34 35 20 21 39 33 15 19 42 41 40 13 4 18 25 14 26 
fileName: eli51.tsp_evaluate(10000)_popSize(100)_seed(1)_Final.tour
Seed: 1
Fitness: 812.89
31 36 11 44 17 6 7 48 38 16 45 10 50 29 46 32 12 37 47 27 3 28 43 24 23 8 1 22 2 5 49 9 30 34 35 20 21 39 33 15 19 42 41 40 13 4 18 25 14 26 
fileName: eli51.tsp_evaluate(10000)_popSize(100)_seed(1)_Final.tour
Seed: 1
Fitness: 812.89
31 36 11 44 17 6 7 48 38 16 45 10 50 29 46 32 12 37 47 27 3 28 43 24 23 8 1 22 2 5 49 9 30 34 35 20 21 39 33 15 19 42 41 40 13 4 18 25 14 26 
fileName: eli51.tsp_evaluate(10000)_popSize(100)_seed(2)_Final.tour
Seed: 2
Fitness: 756.90
17 49 9 2 26 43 7 48 27 19 41 4 42 45 33 5 11 34 50 21 29 46 23 24 25 13 40 14 6 8 28 31 20 36 35 3 15 44 18 47 12 38 32 1 22 16 30 39 10 37 
fileName: eli51.tsp_evaluate(10000)_popSize(100)_seed(3)_Final.tour
Seed: 3
Fitness: 720.21
29 3 28 22 32 11 38 10 44 42 1151480716 40 13 14 31 26 2 35 36 20 16 1 8 48 23 7 27 4 5 49 9 30 34 50 12 17 37 47 18 19 41 25 43 24 6 15 45 33 39 21 
fileName: eli51.tsp_evaluate(10000)_popSize(100)_seed(4)_Final.tour
Seed: 4
Fitness: 717.49
21 11 46 32 1 7 43 6 48 26 23 24 14 18 25 38 37 47 40 42 44 15 17 19 41 13 45 33 4 12 27 2 16 49 5 9 34 39 10 30 50 35 3 36 20 22 8 31 28 29 
fileName: eli51.tsp_evaluate(10000)_popSize(100)_seed(5)_Final.tour
Seed: 5
Fitness: 739.78
9 32 27 1 44 45 41 18 14 5 38 11 12 49 37 17 15 33 10 35 28 31 43 24 25 48 36 3 20 29 21 34 30 39 42 19 40 1151480716 13 4 47 6 23 7 26 8 22 2 16 50 
fileName: eli51.tsp_evaluate(10000)_popSize(100)_seed(6)_Final.tour
Seed: 6
Fitness: 706.83
3 8 26 43 23 24 7 48 38 9 47 18 13 25 41 19 44 17 15 49 21 2 27 14 6 45 33 39 10 30 34 16 50 20 35 36 29 11 46 4 40 1151480716 42 37 12 32 1 22 31 28 
fileName: eli51.tsp_evaluate(10000)_popSize(100)_seed(7)_Final.tour
Seed: 7
Fitness: 693.13
46 6 27 31 28 8 26 7 48 1 32 25 13 19 41 4 47 14 43 16 11 22 23 24 18 12 9 29 2 3 35 36 20 21 34 50 30 39 33 45 40 42 17 37 44 15 5 10 49 38 
fileName: eli51.tsp_evaluate(10000)_popSize(100)_seed(8)_Final.tour
Seed: 8
Fitness: 651.98
31 8 26 43 24 25 7 6 46 9 38 12 47 17 4 14 18 5 16 11 32 48 23 27 1 20 35 36 3 28 22 2 21 34 30 10 39 33 44 15 45 42 41 13 40 19 37 49 50 29 
fileName: eli51.tsp_evaluate(10000)_popSize(100)_seed(9)_Final.tour
Seed: 9
Fitness: 716.80
31 28 20 10 33 39 9 16 50 5 37 47 6 14 24 26 7 43 23 48 8 22 1 38 11 32 46 12 2 21 29 30 49 34 35 36 3 18 4 41 40 42 17 44 15 45 19 13 25 27 
